0 0.499345 0.214298 0.984250 0.284317
1 0.084974 0.514060 0.139254 0.971881
0 0.499612 0.693816 0.982818 0.395354
0 0.498917 0.880870 0.987229 0.228306
0 0.498443 0.882542 0.987133 0.234917
0 0.498463 0.773963 0.986547 0.452073
0 0.501079 0.040016 0.986031 0.074836
1 0.679262 0.506681 0.464512 0.974399
1 0.897918 0.510259 0.204163 0.979482
0 0.499224 0.891812 0.989108 0.216376
0 0.503551 0.966191 0.990048 0.067617
3 0.500948 0.040389 0.985649 0.077530
1 0.364825 0.521350 0.449850 0.957301
0 0.499663 0.651817 0.984107 0.531239
