0 0.500497 0.134960 0.991724 0.153957
1 0.091726 0.516204 0.173113 0.963754
0 0.499356 0.813743 0.991378 0.327936
0 0.500744 0.043509 0.990801 0.053071
1 0.622803 0.510323 0.414221 0.962312
1 0.854040 0.510636 0.291920 0.966142
0 0.501160 0.859665 0.992190 0.276591
0 0.501158 0.931013 0.994181 0.137973
0 0.502136 0.949329 0.993416 0.093637
3 0.500673 0.044986 0.991214 0.057920
0 0.499033 0.758062 0.989866 0.330167
1 0.310703 0.519965 0.354309 0.960070
0 0.500028 0.755843 0.990174 0.347618
0 0.500202 0.653646 0.988139 0.206392
