0 0.496704 0.677964 0.975596 0.408483
0 0.494109 0.410610 0.979306 0.493597
0 0.494795 0.232005 0.981168 0.359822
1 0.316142 0.493593 0.632283 0.962722
1 0.881208 0.553195 0.199883 0.893610
0 0.497570 0.826563 0.982881 0.306726
0 0.496272 0.745302 0.980193 0.462926
0 0.497083 0.865388 0.984861 0.212581
0 0.496439 0.754848 0.980131 0.467214
1 0.810014 0.492985 0.331413 0.957006
1 0.885443 0.494422 0.203820 0.960970
1 0.788006 0.540645 0.372639 0.885403
0 0.497555 0.883464 0.984706 0.191558
0 0.497207 0.873387 0.982197 0.223326
1 0.800412 0.530735 0.365678 0.906181
