0 0.505592 0.138252 0.983299 0.194595
1 0.078538 0.514492 0.109597 0.970289
0 0.503957 0.599151 0.977924 0.401296
0 0.503995 0.846419 0.986620 0.291545
0 0.503838 0.871957 0.987324 0.231839
0 0.503439 0.762069 0.985359 0.475863
0 0.502914 0.834777 0.985439 0.329894
1 0.840664 0.509062 0.318673 0.973576
1 0.119516 0.556568 0.191539 0.886865
1 0.907837 0.509074 0.184094 0.978093
1 0.808712 0.535377 0.362387 0.895545
0 0.504369 0.873380 0.988139 0.249017
0 0.506157 0.899821 0.986775 0.200358
0 0.504889 0.740110 0.983493 0.519780
1 0.439087 0.514699 0.641953 0.968914
1 0.830554 0.537142 0.328337 0.911272
