0 0.497439 0.450729 0.987436 0.500301
1 0.949176 0.505907 0.090336 0.973515
1 0.878901 0.502142 0.074175 0.981977
1 0.921036 0.504307 0.075787 0.979981
0 0.498166 0.223485 0.988073 0.219661
1 0.124484 0.502512 0.245120 0.970507
1 0.954898 0.510001 0.088596 0.958420
1 0.648833 0.491100 0.702334 0.965271
1 0.961613 0.510456 0.067708 0.966428
1 0.904957 0.522302 0.162916 0.900551
0 0.496253 0.743741 0.989453 0.512518
3 0.499556 0.027910 0.989113 0.053256
1 0.369239 0.514271 0.221979 0.971457
1 0.874411 0.509675 0.250791 0.914157
